150001
150011
150041
150053
150061
150067
150077
150083
150089
150091
150097
150107
150131
150151
150169
150193
150197
150203
150209
150211
150217
150221
150223
150239
150247
150287
150299
150301
150323
150329
150343
150373
150377
150379
150383
150401
150407
150413
150427
150431
150439
150473
150497
150503
150517
150523
150533
150551
150559
150571
150583
150587
150589
150607
150611
150617
150649
150659
150697
150707
150721
150743
150767
150769
150779
150791
150797
150827
150833
150847
150869
150881
150883
150889
150893
150901
150907
150919
150929
150959
150961
150967
150979
150989
150991
151007
151009
151013
151027
151049
151051
151057
151091
151121
151141
151153
151157
151163
151169
151171
151189
151201
151213
151237
151241
151243
151247
151253
151273
151279
151289
151303
151337
151339
151343
151357
151379
151381
151391
151397
151423
151429
151433
151451
151471
151477
151483
151499
151507
151517
151523
151531
151537
151549
151553
151561
151573
151579
151597
151603
151607
151609
151631
151637
151643
151651
151667
151673
151681
151687
151693
151703
151717
151729
151733
151769
151771
151783
151787
151799
151813
151817
151841
151847
151849
151871
151883
151897
151901
151903
151909
151937
151939
151967
151969
152003
152017
152027
152029
152039
152041
152063
152077
152081
152083
152093
152111
152123
152147
152183
152189
152197
152203
152213
152219
152231
152239
152249
152267
152287
152293
152297
152311
152363
152377
152381
152389
152393
152407
152417
152419
152423
152429
152441
152443
152459
152461
152501
152519
152531
152533
152539
152563
152567
152597
152599
152617
152623
152629
152639
152641
152657
152671
152681
152717
152723
152729
152753
152767
152777
152783
152791
152809
152819
152821
152833
152837
152839
152843
152851
152857
152879
152897
152899
152909
152939
152941
152947
152953
152959
152981
152989
152993
153001
153059
153067
153071
153073
153077
153089
153107
153113
153133
153137
153151
153191
153247
153259
153269
153271
153277
153281
153287
153313
153319
153337
153343
153353
153359
153371
153379
153407
153409
153421
153427
153437
153443
153449
153457
153469
153487
153499
153509
153511
153521
153523
153529
153533
153557
153563
153589
153607
153611
153623
153641
153649
153689
153701
153719
153733
153739
153743
153749
153757
153763
153817
153841
153871
153877
153887
153889
153911
153913
153929
153941
153947
153949
153953
153991
153997
154001
154027
154043
154057
154061
154067
154073
154079
154081
154087
154097
154111
154127
154153
154157
154159
154181
154183
154211
154213
154229
154243
154247
154267
154277
154279
154291
154303
154313
154321
154333
154339
154351
154369
154373
154387
154409
154417
154423
154439
154459
154487
154493
154501
154523
154543
154571
154573
154579
154589
154591
154613
154619
154621
154643
154667
154669
154681
154691
154699
154723
154727
154733
154747
154753
154769
154787
154789
154799
154807
154823
154841
154849
154871
154873
154877
154883
154897
154927
154933
154937
154943
154981
154991
155003
155009
155017
155027
155047
155069
155081
155083
155087
155119
155137
155153
155161
155167
155171
155191
155201
155203
155209
155219
155231
155251
155269
155291
155299
155303
155317
155327
155333
155371
155377
155381
155383
155387
155399
155413
155423
155443
155453
155461
155473
155501
155509
155521
155537
155539
155557
155569
155579
155581
155593
155599
155609
155621
155627
155653
155657
155663
155671
155689
155693
155699
155707
155717
155719
155723
155731
155741
155747
155773
155777
155783
155797
155801
155809
155821
155833
155849
155851
155861
155863
155887
155891
155893
155921
156007
156011
156019
156041
156059
156061
156071
156089
156109
156119
156127
156131
156139
156151
156157
156217
156227
156229
156241
156253
156257
156259
156269
156307
156319
156329
156347
156353
156361
156371
156419
156421
156437
156467
156487
156491
156493
156511
156521
156539
156577
156589
156593
156601
156619
156623
156631
156641
156659
156671
156677
156679
156683
156691
156703
156707
156719
156727
156733
156749
156781
156797
156799
156817
156823
156833
156841
156887
156899
156901
156913
156941
156943
156967
156971
156979
157007
157013
157019
157037
157049
157051
157057
157061
157081
157103
157109
157127
157133
157141
157163
157177
157181
157189
157207
157211
157217
157219
157229
157231
157243
157247
157253
157259
157271
157273
157277
157279
157291
157303
157307
157321
157327
157349
157351
157363
157393
157411
157427
157429
157433
157457
157477
157483
157489
157513
157519
157523
157543
157559
157561
157571
157579
157627
157637
157639
157649
157667
157669
157679
157721
157733
157739
157747
157769
157771
157793
157799
157813
157823
157831
157837
157841
157867
157877
157889
157897
157901
157907
157931
157933
157951
157991
157999
158003
158009
158017
158029
158047
158071
158077
158113
158129
158141
158143
158161
158189
158201
158209
158227
158231
158233
158243
158261
158269
158293
158303
158329
158341
158351
158357
158359
158363
158371
158393
158407
158419
158429
158443
158449
158489
158507
158519
158527
158537
158551
158563
158567
158573
158581
158591
158597
158611
158617
158621
158633
158647
158657
158663
158699
158731
158747
158749
158759
158761
158771
158777
158791
158803
158843
158849
158863
158867
158881
158909
158923
158927
158941
158959
158981
158993
159013
159017
159023
159059
159073
159079
159097
159113
159119
159157
159161
159167
159169
159179
159191
159193
159199
159209
159223
159227
159233
159287
159293
159311
159319
159337
159347
159349
159361
159389
159403
159407
159421
159431
159437
159457
159463
159469
159473
159491
159499
159503
159521
159539
159541
159553
159563
159569
159571
159589
159617
159623
159629
159631
159667
159671
159673
159683
159697
159701
159707
159721
159737
159739
159763
159769
159773
159779
159787
159791
159793
159799
159811
159833
159839
159853
159857
159869
159871
159899
159911
159931
159937
159977
159979
160001
160009
160019
160031
160033
160049
160073
160079
160081
160087
160091
160093
160117
160141
160159
160163
160169
160183
160201
160207
160217
160231
160243
160253
160309
160313
160319
160343
160357
160367
160373
160387
160397
160403
160409
160423
160441
160453
160481
160483
160499
160507
160541
160553
160579
160583
160591
160603
160619
160621
160627
160637
160639
160649
160651
160663
160669
160681
160687
160697
160709
160711
160723
160739
160751
160753
160757
160781
160789
160807
160813
160817
160829
160841
160861
160877
160879
160883
160903
160907
160933
160967
160969
160981
160997
161009
161017
161033
161039
161047
161053
161059
161071
161087
161093
161123
161137
161141
161149
161159
161167
161201
161221
161233
161237
161263
161267
161281
161303
161309
161323
161333
161339
161341
161363
161377
161387
161407
161411
161453
161459
161461
161471
161503
161507
161521
161527
161531
161543
161561
161563
161569
161573
161591
161599
161611
161627
161639
161641
161659
161683
161717
161729
161731
161741
161743
161753
161761
161771
161773
161779
161783
161807
161831
161839
161869
161873
161879
161881
161911
161921
161923
161947
161957
161969
161971
161977
161983
161999
162007
162011
162017
162053
162059
162079
162091
162109
162119
162143
162209
162221
162229
162251
162257
162263
162269
162277
162287
162289
162293
162343
162359
162389
162391
162413
162419
162439
162451
162457
162473
162493
162499
162517
162523
162527
162529
162553
162557
162563
162577
162593
162601
162611
162623
162629
162641
162649
162671
162677
162683
162691
162703
162709
162713
162727
162731
162739
162749
162751
162779
162787
162791
162821
162823
162829
162839
162847
162853
162859
162881
162889
162901
162907
162917
162937
162947
162971
162973
162989
162997
163003
163019
163021
163027
163061
163063
163109
163117
163127
163129
163147
163151
163169
163171
163181
163193
163199
163211
163223
163243
163249
163259
163307
163309
163321
163327
163337
163351
163363
163367
163393
163403
163409
163411
163417
163433
163469
163477
163481
163483
163487
163517
163543
163561
163567
163573
163601
163613
163621
163627
163633
163637
163643
163661
163673
163679
163697
163729
163733
163741
163753
163771
163781
163789
163811
163819
163841
163847
163853
163859
163861
163871
163883
163901
163909
163927
163973
163979
163981
163987
163991
163993
163997
164011
164023
164039
164051
164057
164071
164089
164093
164113
164117
164147
164149
164173
164183
164191
164201
164209
164231
164233
164239
164249
164251
164267
164279
164291
164299
164309
164321
164341
164357
164363
164371
164377
164387
164413
164419
164429
164431
164443
164447
164449
164471
164477
164503
164513
164531
164569
164581
164587
164599
164617
164621
164623
164627
164653
164663
164677
164683
164701
164707
164729
164743
164767
164771
164789
164809
164821
164831
164837
164839
164881
164893
164911
164953
164963
164987
164999
165001
165037
165041
165047
165049
165059
165079
165083
165089
165103
165133
165161
165173
165181
165203
165211
165229
165233
165247
165287
165293
165311
165313
165317
165331
165343
165349
165367
165379
165383
165391
165397
165437
165443
165449
165457
165463
165469
165479
165511
165523
165527
165533
165541
165551
165553
165559
165569
165587
165589
165601
165611
165617
165653
165667
165673
165701
165703
165707
165709
165713
165719
165721
165749
165779
165799
165811
165817
165829
165833
165857
165877
165883
165887
165901
165931
165941
165947
165961
165983
166013
166021
166027
166031
166043
166063
166081
166099
166147
166151
166157
166169
166183
166189
166207
166219
166237
166247
166259
166273
166289
166297
166301
166303
166319
166349
166351
166357
166363
166393
166399
166403
166409
166417
166429
166457
166471
166487
166541
166561
166567
166571
166597
166601
166603
166609
166613
166619
166627
166631
166643
166657
166667
166669
166679
166693
166703
166723
166739
166741
166781
166783
166799
166807
166823
166841
166843
166847
166849
166853
166861
166867
166871
166909
166919
166931
166949
166967
166973
166979
166987
167009
167017
167021
167023
167033
167039
167047
167051
167071
167077
167081
167087
167099
167107
167113
167117
167119
167149
167159
167173
167177
167191
167197
167213
167221
167249
167261
167267
167269
167309
167311
167317
167329
167339
167341
167381
167393
167407
167413
167423
167429
167437
167441
167443
167449
167471
167483
167491
167521
167537
167543
167593
167597
167611
167621
167623
167627
167633
167641
167663
167677
167683
167711
167729
167747
167759
167771
167777
167779
167801
167809
167861
167863
167873
167879
167887
167891
167899
167911
167917
167953
167971
167987
168013
168023
168029
168037
168043
168067
168071
168083
168089
168109
168127
168143
168151
168193
168197
168211
168227
168247
168253
168263
168269
168277
168281
168293
168323
168331
168347
168353
168391
168409
168433
168449
168451
168457
168463
168481
168491
168499
168523
168527
168533
168541
168559
168599
168601
168617
168629
168631
168643
168673
168677
168697
168713
168719
168731
168737
168743
168761
168769
168781
168803
168851
168863
168869
168887
168893
168899
168901
168913
168937
168943
168977
168991
169003
169007
169009
169019
169049
169063
169067
169069
169079
169093
169097
169111
169129
169151
169159
169177
169181
169199
169217
169219
169241
169243
169249
169259
169283
169307
169313
169319
169321
169327
169339
169343
169361
169369
169373
169399
169409
169427
169457
169471
169483
169489
169493
169501
169523
169531
169553
169567
169583
169591
169607
169627
169633
169639
169649
169657
169661
169667
169681
169691
169693
169709
169733
169751
169753
169769
169777
169783
169789
169817
169823
169831
169837
169843
169859
169889
169891
169909
169913
169919
169933
169937
169943
169951
169957
169987
169991
170003
170021
170029
170047
170057
170063
170081
170099
170101
170111
170123
170141
170167
170179
170189
170197
170207
170213
170227
170231
170239
170243
170249
170263
170267
170279
170293
170299
170327
170341
170347
170351
170353
170363
170369
170371
170383
170389
170393
170413
170441
170447
170473
170483
170497
170503
170509
170537
170539
170551
170557
170579
170603
170609
170627
170633
170641
170647
170669
170689
170701
170707
170711
170741
170749
170759
170761
170767
170773
170777
170801
170809
170813
170827
170837
170843
170851
170857
170873
170881
170887
170899
170921
170927
170953
170957
170971
171007
171023
171029
171043
171047
171049
171053
171077
171079
171091
171103
171131
171161
171163
171167
171169
171179
171203
171233
171251
171253
171263
171271
171293
171299
171317
171329
171341
171383
171401
171403
171427
171439
171449
171467
171469
171473
171481
171491
171517
171529
171539
171541
171553
171559
171571
171583
171617
171629
171637
171641
171653
171659
171671
171673
171679
171697
171707
171713
171719
171733
171757
171761
171763
171793
171799
171803
171811
171823
171827
171851
171863
171869
171877
171881
171889
171917
171923
171929
171937
171947
172001
172009
172021
172027
172031
172049
172069
172079
172093
172097
172127
172147
172153
172157
172169
172171
172181
172199
172213
172217
172219
172223
172243
172259
172279
172283
172297
172307
172313
172321
172331
172343
172351
172357
172373
172399
172411
172421
172423
172427
172433
172439
172441
172489
172507
172517
172519
172541
172553
172561
172573
172583
172589
172597
172603
172607
172619
172633
172643
172649
172657
172663
172673
172681
172687
172709
172717
172721
172741
172751
172759
172787
172801
172807
172829
172849
172853
172859
172867
172871
172877
172883
172933
172969
172973
172981
172987
172993
172999
173021
173023
173039
173053
173059
173081
173087
173099
173137
173141
173149
173177
173183
173189
173191
173207
173209
173219
173249
173263
173267
173273
173291
173293
173297
173309
173347
173357
173359
173429
173431
173473
173483
173491
173497
173501
173531
173539
173543
173549
173561
173573
173599
173617
173629
173647
173651
173659
173669
173671
173683
173687
173699
173707
173713
173729
173741
173743
173773
173777
173779
173783
173807
173819
173827
173839
173851
173861
173867
173891
173897
173909
173917
173923
173933
173969
173977
173981
173993
174007
174017
174019
174047
174049
174061
174067
174071
174077
174079
174091
174101
174121
174137
174143
174149
174157
174169
174197
174221
174241
174257
174259
174263
174281
174289
174299
174311
174329
174331
174337
174347
174367
174389
174407
174413
174431
174443
174457
174467
174469
174481
174487
174491
174527
174533
174569
174571
174583
174599
174613
174617
174631
174637
174649
174653
174659
174673
174679
174703
174721
174737
174749
174761
174763
174767
174773
174799
174821
174829
174851
174859
174877
174893
174901
174907
174917
174929
174931
174943
174959
174989
174991
175003
175013
175039
175061
175067
175069
175079
175081
175103
175129
175141
175211
175229
175261
175267
175277
175291
175303
175309
175327
175333
175349
175361
175391
175393
175403
175411
175433
175447
175453
175463
175481
175493
175499
175519
175523
175543
175573
175601
175621
175631
175633
175649
175663
175673
175687
175691
175699
175709
175723
175727
175753
175757
175759
175781
175783
175811
175829
175837
175843
175853
175859
175873
175891
175897
175909
175919
175937
175939
175949
175961
175963
175979
175991
175993
176017
176021
176023
176041
176047
176051
176053
176063
176081
176087
176089
176123
176129
176153
176159
176161
176179
176191
176201
176207
176213
176221
176227
176237
176243
176261
176299
176303
176317
176321
176327
176329
176333
176347
176353
176357
176369
176383
176389
176401
176413
176417
176419
176431
176459
176461
176467
176489
176497
176503
176507
176509
176521
176531
176537
176549
176551
176557
176573
176591
176597
176599
176609
176611
176629
176641
176651
176677
176699
176711
176713
176741
176747
176753
176777
176779
176789
176791
176797
176807
176809
176819
176849
176857
176887
176899
176903
176921
176923
176927
176933
176951
176977
176983
176989
177007
177011
177013
177019
177043
177091
177101
177109
177113
177127
177131
177167
177173
177209
177211
177217
177223
177239
177257
177269
177283
177301
177319
177323
177337
177347
177379
177383
177409
177421
177427
177431
177433
177467
177473
177481
177487
177493
177511
177533
177539
177553
177589
177601
177623
177647
177677
177679
177691
177739
177743
177761
177763
177787
177791
177797
177811
177823
177839
177841
177883
177887
177889
177893
177907
177913
177917
177929
177943
177949
177953
177967
177979
178001
178021
178037
178039
178067
178069
178091
178093
178103
178117
178127
178141
178151
178169
178183
178187
178207
178223
178231
178247
178249
178259
178261
178289
178301
178307
178327
178333
178349
178351
178361
178393
178397
178403
178417
178439
178441
178447
178469
178481
178487
178489
178501
178513
178531
178537
178559
178561
178567
178571
178597
178601
178603
178609
178613
178621
178627
178639
178643
178681
178691
178693
178697
178753
178757
178781
178793
178799
178807
178813
178817
178819
178831
178853
178859
178873
178877
178889
178897
178903
178907
178909
178921
178931
178933
178939
178951
178973
178987
179021
179029
179033
179041
179051
179057
179083
179089
179099
179107
179111
179119
179143
179161
179167
179173
179203
179209
179213
179233
179243
179261
179269
179281
179287
179317
179321
179327
179351
179357
179369
179381
179383
179393
179407
179411
179429
179437
179441
179453
179461
179471
179479
179483
179497
179519
179527
179533
179549
179563
179573
179579
179581
179591
179593
179603
179623
179633
179651
179657
179659
179671
179687
179689
179693
179717
179719
179737
179743
179749
179779
179801
179807
179813
179819
179821
179827
179833
179849
179897
179899
179903
179909
179917
179923
179939
179947
179951
179953
179957
179969
179981
179989
179999
180001
180007
180023
180043
180053
180071
180073
180077
180097
180137
180161
180179
180181
180211
180221
180233
180239
180241
180247
180259
180263
180281
180287
180289
180307
180311
180317
180331
180337
180347
180361
180371
180379
180391
180413
180419
180437
180463
180473
180491
180497
180503
180511
180533
180539
180541
180547
180563
180569
180617
180623
180629
180647
180667
180679
180701
180731
180749
180751
180773
180779
180793
180797
180799
180811
180847
180871
180883
180907
180949
180959
181001
181003
181019
181031
181039
181061
181063
181081
181087
181123
181141
181157
181183
181193
181199
181201
181211
181213
181219
181243
181253
181273
181277
181283
181297
181301
181303
181361
181387
181397
181399
181409
181421
181439
181457
181459
181499
181501
181513
181523
181537
181549
181553
181603
181607
181609
181619
181639
181667
181669
181693
181711
181717
181721
181729
181739
181751
181757
181759
181763
181777
181787
181789
181813
181837
181871
181873
181889
181891
181903
181913
181919
181927
181931
181943
181957
181967
181981
181997
182009
182011
182027
182029
182041
182047
182057
182059
182089
182099
182101
182107
182111
182123
182129
182131
182141
182159
182167
182177
182179
182201
182209
182233
182239
182243
182261
182279
182297
182309
182333
182339
182341
182353
182387
182389
182417
182423
182431
182443
182453
182467
182471
182473
182489
182503
182509
182519
182537
182549
182561
182579
182587
182593
182599
182603
182617
182627
182639
182641
182653
182657
182659
182681
182687
182701
182711
182713
182747
182773
182779
182789
182803
182813
182821
182839
182851
182857
182867
182887
182893
182899
182921
182927
182929
182933
182953
182957
182969
182981
182999
183023
183037
183041
183047
183059
183067
183089
183091
183119
183151
183167
183191
183203
183247
183259
183263
183283
183289
183299
183301
183307
183317
183319
183329
183343
183349
183361
183373
183377
183383
183389
183397
183437
183439
183451
183461
183473
183479
183487
183497
183499
183503
183509
183511
183523
183527
183569
183571
183577
183581
183587
183593
183611
183637
183661
183683
183691
183697
183707
183709
183713
183761
183763
183797
183809
183823
183829
183871
183877
183881
183907
183917
183919
183943
183949
183959
183971
183973
183979
184003
184007
184013
184031
184039
184043
184057
184073
184081
184087
184111
184117
184133
184153
184157
184181
184187
184189
184199
184211
184231
184241
184259
184271
184273
184279
184291
184309
184321
184333
184337
184351
184369
184409
184417
184441
184447
184463
184477
184487
184489
184511
184517
184523
184553
184559
184567
184571
184577
184607
184609
184627
184631
184633
184649
184651
184669
184687
184693
184703
184711
184721
184727
184733
184753
184777
184823
184829
184831
184837
184843
184859
184879
184901
184903
184913
184949
184957
184967
184969
184993
184997
184999
185021
185027
185051
185057
185063
185069
185071
185077
185089
185099
185123
185131
185137
185149
185153
185161
185167
185177
185183
185189
185221
185233
185243
185267
185291
185299
185303
185309
185323
185327
185359
185363
185369
185371
185401
185429
185441
185467
185477
185483
185491
185519
185527
185531
185533
185539
185543
185551
185557
185567
185569
185593
185599
185621
185641
185651
185677
185681
185683
185693
185699
185707
185711
185723
185737
185747
185749
185753
185767
185789
185797
185813
185819
185821
185831
185833
185849
185869
185873
185893
185897
185903
185917
185923
185947
185951
185957
185959
185971
185987
185993
186007
186013
186019
186023
186037
186041
186049
186071
186097
186103
186107
186113
186119
186149
186157
186161
186163
186187
186191
186211
186227
186229
186239
186247
186253
186259
186271
186283
186299
186301
186311
186317
186343
186377
186379
186391
186397
186419
186437
186451
186469
186479
186481
186551
186569
186581
186583
186587
186601
186619
186629
186647
186649
186653
186671
186679
186689
186701
186707
186709
186727
186733
186743
186757
186761
186763
186773
186793
186799
186841
186859
186869
186871
186877
186883
186889
186917
186947
186959
187003
187009
187027
187043
187049
187067
187069
187073
187081
187091
187111
187123
187127
187129
187133
187139
187141
187163
187171
187177
187181
187189
187193
187211
187217
187219
187223
187237
187273
187277
187303
187337
187339
187349
187361
187367
187373
187379
187387
187393
187409
187417
187423
187433
187441
187463
187469
187471
187477
187507
187513
187531
187547
187559
187573
187597
187631
187633
187637
187639
187651
187661
187669
187687
187699
187711
187721
187751
187763
187787
187793
187823
187843
187861
187871
187877
187883
187897
187907
187909
187921
187927
187931
187951
187963
187973
187987
188011
188017
188021
188029
188107
188137
188143
188147
188159
188171
188179
188189
188197
188249
188261
188273
188281
188291
188299
188303
188311
188317
188323
188333
188351
188359
188369
188389
188401
188407
188417
188431
188437
188443
188459
188473
188483
188491
188519
188527
188533
188563
188579
188603
188609
188621
188633
188653
188677
188681
188687
188693
188701
188707
188711
188719
188729
188753
188767
188779
188791
188801
188827
188831
188833
188843
188857
188861
188863
188869
188891
188911
188927
188933
188939
188941
188953
188957
188983
188999
189011
189017
189019
189041
189043
189061
189067
189127
189139
189149
189151
189169
189187
189199
189223
189229
189239
189251
189253
189257
189271
189307
189311
189337
189347
189349
189353
189361
189377
189389
189391
189401
189407
189421
189433
189437
189439
189463
189467
189473
189479
189491
189493
189509
189517
189523
189529
189547
189559
189583
189593
189599
189613
189617
189619
189643
189653
189661
189671
189691
189697
189701
189713
189733
189743
189757
189767
189797
189799
189817
189823
189851
189853
189859
189877
189881
189887
189901
189913
189929
189947
189949
189961
189967
189977
189983
189989
189997
190027
190031
190051
190063
190093
190097
190121
190129
190147
190159
190181
190207
190243
190249
190261
190271
190283
190297
190301
190313
190321
190331
190339
190357
190367
190369
190387
190391
190403
190409
190471
190507
190523
190529
190537
190543
190573
190577
190579
190583
190591
190607
190613
190633
190639
190649
190657
190667
190669
190699
190709
190711
190717
190753
190759
190763
190769
190783
190787
190793
190807
190811
190823
190829
190837
190843
190871
190889
190891
190901
190909
190913
190921
190979
190997
191021
191027
191033
191039
191047
191057
191071
191089
191099
191119
191123
191137
191141
191143
191161
191173
191189
191227
191231
191237
191249
191251
191281
191297
191299
191339
191341
191353
191413
191441
191447
191449
191453
191459
191461
191467
191473
191491
191497
191507
191509
191519
191531
191533
191537
191551
191561
191563
191579
191599
191621
191627
191657
191669
191671
191677
191689
191693
191699
191707
191717
191747
191749
191773
191783
191791
191801
191803
191827
191831
191833
191837
191861
191899
191903
191911
191929
191953
191969
191977
191999
192007
192013
192029
192037
192043
192047
192053
192091
192097
192103
192113
192121
192133
192149
192161
192173
192187
192191
192193
192229
192233
192239
192251
192259
192263
192271
192307
192317
192319
192323
192341
192343
192347
192373
192377
192383
192391
192407
192431
192461
192463
192497
192499
192529
192539
192547
192553
192557
192571
192581
192583
192587
192601
192611
192613
192617
192629
192631
192637
192667
192677
192697
192737
192743
192749
192757
192767
192781
192791
192799
192811
192817
192833
192847
192853
192859
192877
192883
192887
192889
192917
192923
192931
192949
192961
192971
192977
192979
192991
193003
193009
193013
193031
193043
193051
193057
193073
193093
193133
193139
193147
193153
193163
193181
193183
193189
193201
193243
193247
193261
193283
193301
193327
193337
193357
193367
193373
193379
193381
193387
193393
193423
193433
193441
193447
193451
193463
193469
193493
193507
193513
193541
193549
193559
193573
193577
193597
193601
193603
193607
193619
193649
193663
193679
193703
193723
193727
193741
193751
193757
193763
193771
193789
193793
193799
193811
193813
193841
193847
193859
193861
193871
193873
193877
193883
193891
193937
193939
193943
193951
193957
193979
193993
194003
194017
194027
194057
194069
194071
194083
194087
194093
194101
194113
194119
194141
194149
194167
194179
194197
194203
194239
194263
194267
194269
194309
194323
194353
194371
194377
194413
194431
194443
194471
194479
194483
194507
194521
194527
194543
194569
194581
194591
194609
194647
194653
194659
194671
194681
194683
194687
194707
194713
194717
194723
194729
194749
194767
194771
194809
194813
194819
194827
194839
194861
194863
194867
194869
194891
194899
194911
194917
194933
194963
194977
194981
194989
195023
195029
195043
195047
195049
195053
195071
195077
195089
195103
195121
195127
195131
195137
195157
195161
195163
195193
195197
195203
195229
195241
195253
195259
195271
195277
195281
195311
195319
195329
195341
195343
195353
195359
195389
195401
195407
195413
195427
195443
195457
195469
195479
195493
195497
195511
195527
195539
195541
195581
195593
195599
195659
195677
195691
195697
195709
195731
195733
195737
195739
195743
195751
195761
195781
195787
195791
195809
195817
195863
195869
195883
195887
195893
195907
195913
195919
195929
195931
195967
195971
195973
195977
195991
195997
196003
196033
196039
196043
196051
196073
196081
196087
196111
196117
196139
196159
196169
196171
196177
196181
196187
196193
196201
196247
196271
196277
196279
196291
196303
196307
196331
196337
196379
196387
196429
196439
196453
196459
196477
196499
196501
196519
196523
196541
196543
196549
196561
196579
196583
196597
196613
196643
196657
196661
196663
196681
196687
196699
196709
196717
196727
196739
196751
196769
196771
196799
196817
196831
196837
196853
196871
196873
196879
196901
196907
196919
196927
196961
196991
196993
197003
197009
197023
197033
197059
197063
197077
197083
197089
197101
197117
197123
197137
197147
197159
197161
197203
197207
197221
197233
197243
197257
197261
197269
197273
197279
197293
197297
197299
197311
197339
197341
197347
197359
197369
197371
197381
197383
197389
197419
197423
197441
197453
197479
197507
197521
197539
197551
197567
197569
197573
197597
197599
197609
197621
197641
197647
197651
197677
197683
197689
197699
197711
197713
197741
197753
197759
197767
197773
197779
197803
197807
197831
197837
197887
197891
197893
197909
197921
197927
197933
197947
197957
197959
197963
197969
197971
198013
198017
198031
198043
198047
198073
198083
198091
198097
198109
198127
198139
198173
198179
198193
198197
198221
198223
198241
198251
198257
198259
198277
198281
198301
198313
198323
198337
198347
198349
198377
198391
198397
198409
198413
198427
198437
198439
198461
198463
198469
198479
198491
198503
198529
198533
198553
198571
198589
198593
198599
198613
198623
198637
198641
198647
198659
198673
198689
198701
198719
198733
198761
198769
198811
198817
198823
198827
198829
198833
198839
198841
198851
198859
198899
198901
198929
198937
198941
198943
198953
198959
198967
198971
198977
198997
199021
199033
199037
199039
199049
199081
199103
199109
199151
199153
199181
199193
199207
199211
199247
199261
199267
199289
199313
199321
199337
199343
199357
199373
199379
199399
199403
199411
199417
199429
199447
199453
199457
199483
199487
199489
199499
199501
199523
199559
199567
199583
199601
199603
199621
199637
199657
199669
199673
199679
199687
199697
199721
199729
199739
199741
199751
199753
199777
199783
199799
199807
199811
199813
199819
199831
199853
199873
199877
199889
199909
199921
199931
199933
199961
199967
199999